   11 bases
...     1 C ...
   66.5227  118.8383   71.2400
    0.0281    0.3440   -0.9385
    0.4436   -0.8457   -0.2967
   -0.8958   -0.4080   -0.1764
...     2 A ...
   64.0735  118.4338   68.6407
    0.3819    0.1754    0.9074
    0.1615   -0.9794    0.1214
    0.9100    0.1002   -0.4023
...     3 A ...
   60.2098  111.0793   67.0380
   -0.2622    0.3983    0.8790
    0.3952   -0.7867    0.4743
    0.8804    0.4717    0.0489
...     4 A ...
   64.3720  101.9169   54.3889
    0.3097    0.0950   -0.9461
    0.4009    0.8892    0.2205
    0.8622   -0.4476    0.2373
...     5 A ...
   54.0750  112.1311   59.0064
   -0.1404   -0.7501    0.6462
    0.8907   -0.3808   -0.2484
    0.4324    0.5407    0.7216
...     6 U ...
   53.5807  113.8583   62.6536
    0.3919   -0.8602    0.3263
    0.8222    0.1683   -0.5437
    0.4128    0.4814    0.7732
...     7 G ...
   57.7913  111.6636   65.1647
    0.8206   -0.3859   -0.4216
    0.2153    0.8920   -0.3974
    0.5295    0.2353    0.8150
...     8 U ...
   61.1943  111.4942   67.3199
    0.4886    0.1631   -0.8571
   -0.3187    0.9478   -0.0013
    0.8122    0.2738    0.5151
...     9 A ...
   64.5169  114.0326   75.4312
    0.5265    0.0122   -0.8501
   -0.5970    0.7172   -0.3595
    0.6053    0.6968    0.3849
...    10 A ...
   67.0961  115.0582   76.9731
    0.1323    0.3789   -0.9159
   -0.6009    0.7655    0.2299
    0.7883    0.5200    0.3289
...    11 C ...
   67.2244  125.9391   89.3941
   -0.8183    0.5748    0.0072
   -0.1660   -0.2244   -0.9603
   -0.5503   -0.7870    0.2790
